eMOEA:
    Hypervolume: 0.25
    InvertedGenerationalDistance: 0.0
NSGAIII:
    Hypervolume: 0.16666666666666669
    InvertedGenerationalDistance: 0.11904761904761905
