eMOEA:
    Hypervolume: 0.18518518518518523
    InvertedGenerationalDistance: 0.0
NSGAIII:
    Hypervolume: 0.1481481481481482
    InvertedGenerationalDistance: 0.43301270189221935
